% -------------------------------------------------------------------
%  Generated by MATLAB on 2-May-2016 15:58:43
%  MATLAB version: 8.6.0.267246 (R2015b)
% -------------------------------------------------------------------
                            

F2 = ...
  [6.8532322583998537E-8 8.471385712696026E-7 -0.00060091911689349672;
   4.2465891047268738E-7 1.2975400457221454E-7 -0.0017013409158305832;
   -0.00038036597730768131 0.001210062561952217 0.99999756770306469];

