% -------------------------------------------------------------------
%  Generated by MATLAB on 9-May-2016 19:39:39
%  MATLAB version: 8.6.0.267246 (R2015b)
% -------------------------------------------------------------------
                                          

r2 = ...
  [0.33633639699815626 0.94174191159483744 0;
   -0.94174191159483744 0.33633639699815626 -0;
   -0 0 1];

