% -------------------------------------------------------------------
%  Generated by MATLAB on 9-May-2016 19:38:49
%  MATLAB version: 8.6.0.267246 (R2015b)
% -------------------------------------------------------------------
                                         

r = ...
  [0.99926892228815045 -0.028821792328848978 0.025118225176763775;
   -0.028821792328848978 -0.13626184957269305 0.99025350927829658;
   -0.025118225176763775 -0.99025350927829658 -0.13699292728454238];

