% -------------------------------------------------------------------
%  Generated by MATLAB on 2-May-2016 18:33:58
%  MATLAB version: 8.6.0.267246 (R2015b)
% -------------------------------------------------------------------
                               

mp2 = ...
  [-259.73717627862766 -161.74920597688663 -2111.7590768866139 -920.41586914369475 ...
   ;
   811.12602473734239 -1777.4482611909543 -231.45166678847738 662.10168221171932 ...
   ;
   0.799766037965695 0.1189646290498209 -0.58840606858843048 0.57336658572425625 ...
   ];

